10 10 10 10 10 10 10 10 10 10 10 10 10 10 10 10 10 10 10 10 10 10 10 10 10 10 10 10 10
10 10 10 10 10 10 10 10 10 10 10 10 10 10 10 10 10 10 10 10 10 10 10 10 10 10 10 10 10
10 10 10 10 10 10 10 10 10 10 10 10 10 10 10 10 10 10 10 10 10 10 10 10 10 10 10 10 10
10 10 10 14 11 11 11 11 11 25 11 11 11 11 11 11 11 11 11 25 11 11 11 11 11 13 10 10 10
10 10 10 17 10 10 10 10 10 24 10 10 10 10 10 10 10 10 10 24 10 10 10 10 10 15 10 10 10
10 10 10 17 10 16 23 18 10 12 10 16 23 23 23 23 23 18 10 12 10 16 23 18 10 15 10 10 10
10 10 10 17 10 10 10 10 10 10 10 10 10 10 10 10 10 10 10 10 10 10 10 10 10 15 10 10 10
10 10 10 21 19 27 10 20 10 28 19 19 27 10 20 10 28 19 19 27 10 20 10 28 19 22 10 10 10
10 10 10 10 11 30 10 24 10 29 11 11 30 10 24 10 29 11 11 30 10 24 10 29 11 10 10 10 10
10 10 10 10 10 10 10 24 10 10 10 10 10 10 24 10 10 10 10 10 10 24 10 10 10 10 10 10 10
10 10 10 10 19 27 10 26 23 18 10 16 23 23 32 23 23 18 10 16 23 31 10 28 19 10 10 10 10
10 10 10 10 10 17 10 10 10 10 10 10 10 10 10 10 10 10 10 10 10 10 10 15 10 10 10 10 10
10 10 10 10 10 17 10 33 23 18 10 28 19 19 35 19 19 27 10 16 23 34 10 15 10 10 10 10 10
10 10 10 10 10 17 10 24 10 10 10 15 10 10 10 10 10 17 10 10 10 24 10 15 10 10 10 10 10
10 10 10 10 11 30 10 12 10 20 10 29 11 11 11 11 11 30 10 20 10 12 10 29 11 10 10 10 10
10 10 10 10 10 10 10 10 10 24 10 10 10 10 10 10 10 10 10 24 10 10 10 10 10 10 10 10 10
10 10 10 10 19 27 10 16 23 32 23 23 18 10 20 10 16 23 23 32 23 18 10 28 19 10 10 10 10
10 10 10 10 10 17 10 10 10 10 10 10 10 10 24 10 10 10 10 10 10 10 10 15 10 10 10 10 10
10 10 10 14 11 30 10 16 23 23 18 10 16 23 32 23 18 10 16 23 23 18 10 29 11 13 10 10 10
10 10 10 17 10 10 10 10 10 10 10 10 10 10 10 10 10 10 10 10 10 10 10 10 10 15 10 10 10
10 10 10 17 10 28 19 27 10 33 23 23 18 10 20 10 16 23 23 34 10 28 19 27 10 15 10 10 10
10 10 10 17 10 15 10 17 10 24 10 10 10 10 24 10 10 10 10 24 10 15 10 17 10 15 10 10 10
10 10 10 17 10 29 11 30 10 12 10 16 23 23 32 23 23 18 10 12 10 29 11 30 10 15 10 10 10
10 10 10 17 10 10 10 10 10 10 10 10 10 10 10 10 10 10 10 10 10 10 10 10 10 15 10 10 10
10 10 10 21 19 19 19 19 19 19 19 19 19 19 19 19 19 19 19 19 19 19 19 19 19 22 10 10 10
10 10 10 10 10 10 10 10 10 10 10 10 10 10 10 10 10 10 10 10 10 10 10 10 10 10 10 10 10
10 10 10 10 10 10 10 10 10 10 10 10 10 10 10 10 10 10 10 10 10 10 10 10 10 10 10 10 10
10 10 10 10 10 10 10 10 10 10 10 10 10 10 10 10 10 10 10 10 10 10 10 10 10 10 10 10 10